chr	st	Sample 1.ref	Sample 1.var	Sample 1.vaf	Sample 1.cn	Sample 1.cleancn	Sample 1.depth	Sample 2.ref	Sample 2.var	Sample 2.vaf	Sample 2.cn	Sample 2.cleancn	Sample 2.depth	Sample 3.ref	Sample 3.var	Sample 3.vaf	Sample 3.cn	Sample 3.cleancn	Sample 3.depth	Sample 4.ref	Sample 4.var	Sample 4.vaf	Sample 4.cn	Sample 4.cleancn	Sample 4.depth	adequateDepth	cluster	cluster.prob.1	cluster.prob.2	cluster.prob.3	cluster.prob.4	cluster.prob.5	cluster.prob.6	cluster.prob.7	cluster.prob.8	cluster.prob.9
1	0	1041	0	0	2	2	1041	889	145	16.310461192351	2	2	889	950	2	0.210526315789474	2	2	950	980	0	0	2	2	980	1	7	1e-09	1e-09	1e-09	1e-09	1e-09	1.00013080260124e-09	1.00000000099987	1e-09	1e-09
1	1	1034	0	0	2	2	1034	839	155	18.4743742550656	2	2	839	995	6	0.603015075376884	2	2	995	995	0	0	2	2	995	1	7	1e-09	1e-09	1e-09	1e-09	1e-09	1.00034167003034e-09	1.00000000099966	1e-09	1e-09
1	2	1044	0	0	2	2	1044	809	160	19.7775030902349	2	2	809	972	9	0.925925925925926	2	2	972	977	0	0	2	2	977	1	7	1e-09	1e-09	1e-09	1e-09	1e-09	1.00046464048081e-09	1.00000000099953	1e-09	1e-09
1	3	970	0	0	2	2	970	876	150	17.1232876712329	2	2	876	964	7	0.726141078838174	2	2	964	940	0	0	2	2	940	1	7	1e-09	1e-09	1e-09	1e-09	1e-09	1.00201274144643e-09	1.00000000099799	1e-09	1e-09
1	4	955	0	0	2	2	955	806	142	17.6178660049628	2	2	806	1022	2	0.195694716242661	2	2	1022	973	0	0	2	2	973	1	7	1e-09	1e-09	1e-09	1e-09	1e-09	1.0014732839264e-09	1.00000000099853	1e-09	1e-09
1	5	1058	0	0	2	2	1058	873	145	16.6093928980527	2	2	873	973	5	0.513874614594039	2	2	973	1013	0	0	2	2	1013	1	7	1e-09	1e-09	1e-09	1e-09	1e-09	1.000129429189e-09	1.00000000099987	1e-09	1e-09
1	6	1024	0	0	2	2	1024	904	172	19.0265486725664	2	2	904	990	3	0.303030303030303	2	2	990	1028	0	0	2	2	1028	1	7	1e-09	1e-09	1e-09	1e-09	1e-09	1.00030913175412e-09	1.00000000099969	1e-09	1e-09
1	7	1057	0	0	2	2	1057	841	168	19.9762187871581	2	2	841	1002	9	0.898203592814371	2	2	1002	970	0	0	2	2	970	1	7	1e-09	1e-09	1e-09	1e-09	1e-09	1.00032634679383e-09	1.00000000099967	1e-09	1e-09
1	8	1029	0	0	2	2	1029	880	158	17.9545454545455	2	2	880	970	5	0.515463917525773	2	2	970	969	0	0	2	2	969	1	7	1e-09	1e-09	1e-09	1e-09	1e-09	1.00032778490364e-09	1.00000000099967	1e-09	1e-09
1	9	954	0	0	2	2	954	850	134	15.7647058823529	2	2	850	970	5	0.515463917525773	2	2	970	953	0	0	2	2	953	1	7	1e-09	1e-09	1e-09	1e-09	1e-09	1.00202579504501e-09	1.00000000099798	1e-09	1e-09
1	10	984	0	0	2	2	984	872	148	16.9724770642202	2	2	872	1043	3	0.287631831255992	2	2	1043	1012	0	0	2	2	1012	1	7	1e-09	1e-09	1e-09	1e-09	1e-09	1.00070853033482e-09	1.00000000099929	1e-09	1e-09
1	11	838	135	16.109785202864	2	2	838	735	252	34.2857142857143	2	2	735	819	182	22.2222222222222	2	2	819	971	0	0	2	2	971	1	4	1e-09	1e-09	1e-09	1.000000001	1e-09	1e-09	1e-09	1e-09	1e-09
1	12	840	167	19.8809523809524	2	2	840	745	232	31.1409395973154	2	2	745	799	199	24.9061326658323	2	2	799	1008	0	0	2	2	1008	1	4	1e-09	1e-09	1e-09	1.000000001	1e-09	1e-09	1e-09	1e-09	1e-09
1	13	814	200	24.5700245700246	2	2	814	663	263	39.6681749622926	2	2	663	804	183	22.7611940298507	2	2	804	1009	0	0	2	2	1009	1	4	1e-09	1e-09	1e-09	1.000000001	1e-09	1e-09	1e-09	1e-09	1e-09
1	14	813	185	22.7552275522755	2	2	813	713	227	31.8373071528752	2	2	713	851	189	22.2091656874266	2	2	851	1031	0	0	2	2	1031	1	4	1e-09	1e-09	1e-09	1.000000001	1e-09	1e-09	1e-09	1e-09	1e-09
1	15	849	154	18.1389870435807	2	2	849	716	250	34.9162011173184	2	2	716	748	180	24.0641711229947	2	2	748	1072	0	0	2	2	1072	1	4	1e-09	1e-09	1e-09	1.000000001	1e-09	1e-09	1e-09	1e-09	1e-09
1	16	823	181	21.9927095990279	2	2	823	731	258	35.2941176470588	2	2	731	779	161	20.6675224646983	2	2	779	1045	0	0	2	2	1045	1	4	1e-09	1e-09	1e-09	1.000000001	1e-09	1e-09	1e-09	1e-09	1e-09
1	17	802	183	22.8179551122195	2	2	802	745	242	32.4832214765101	2	2	745	804	167	20.771144278607	2	2	804	977	0	0	2	2	977	1	4	1e-09	1e-09	1e-09	1.000000001	1e-09	1e-09	1e-09	1e-09	1e-09
1	18	878	148	16.8564920273349	2	2	878	735	237	32.2448979591837	2	2	735	776	190	24.4845360824742	2	2	776	935	0	0	2	2	935	1	4	1e-09	1e-09	1e-09	1.000000001	1e-09	1e-09	1e-09	1e-09	1e-09
1	19	839	170	20.2622169249106	2	2	839	800	236	29.5	2	2	800	843	163	19.3357058125741	2	2	843	945	0	0	2	2	945	1	4	1e-09	1e-09	1e-09	1.000000001	1e-09	1e-09	1e-09	1e-09	1e-09
1	20	820	150	18.2926829268293	2	2	820	795	249	31.3207547169811	2	2	795	854	174	20.3747072599532	2	2	854	964	0	0	2	2	964	1	4	1e-09	1e-09	1e-09	1.000000001	1e-09	1e-09	1e-09	1e-09	1e-09
1	21	877	182	20.7525655644242	2	2	877	780	244	31.2820512820513	2	2	780	838	178	21.2410501193317	2	2	838	981	0	0	2	2	981	1	4	1e-09	1e-09	1e-09	1.000000001	1e-09	1e-09	1e-09	1e-09	1e-09
1	22	847	114	13.4592680047225	2	2	847	863	221	25.6083429895713	2	2	863	993	0	0	2	2	993	1026	0	0	2	2	1026	1	5	1e-09	1e-09	1e-09	1e-09	1.000000001	1e-09	1e-09	1e-09	1e-09
1	23	862	133	15.4292343387471	2	2	862	849	194	22.8504122497055	2	2	849	1046	0	0	2	2	1046	1031	0	0	2	2	1031	1	5	1e-09	1e-09	1e-09	1e-09	1.000000001	1e-09	1e-09	1e-09	1e-09
1	24	873	130	14.8911798396334	2	2	873	814	194	23.8329238329238	2	2	814	975	0	0	2	2	975	1014	0	0	2	2	1014	1	5	1e-09	1e-09	1e-09	1e-09	1.000000001	1e-09	1e-09	1e-09	1e-09
1	25	874	140	16.0183066361556	2	2	874	839	201	23.9570917759237	2	2	839	994	0	0	2	2	994	994	0	0	2	2	994	1	5	1e-09	1e-09	1e-09	1e-09	1.000000001	1e-09	1e-09	1e-09	1e-09
1	26	845	131	15.5029585798817	2	2	845	848	204	24.0566037735849	2	2	848	981	0	0	2	2	981	981	0	0	2	2	981	1	5	1e-09	1e-09	1e-09	1e-09	1.000000001	1e-09	1e-09	1e-09	1e-09
1	27	822	147	17.8832116788321	2	2	822	823	182	22.1142162818955	2	2	823	988	0	0	2	2	988	1002	0	0	2	2	1002	1	5	1e-09	1e-09	1e-09	1e-09	1.000000001	1e-09	1e-09	1e-09	1e-09
1	28	899	146	16.2402669632925	2	2	899	738	179	24.2547425474255	2	2	738	997	0	0	2	2	997	981	0	0	2	2	981	1	5	1e-09	1e-09	1e-09	1e-09	1.000000001	1e-09	1e-09	1e-09	1e-09
1	29	874	142	16.2471395881007	2	2	874	831	193	23.2250300842359	2	2	831	987	0	0	2	2	987	1000	0	0	2	2	1000	1	5	1e-09	1e-09	1e-09	1e-09	1.000000001	1e-09	1e-09	1e-09	1e-09
1	30	862	139	16.1252900232019	2	2	862	808	202	25	2	2	808	1032	0	0	2	2	1032	987	0	0	2	2	987	1	5	1e-09	1e-09	1e-09	1e-09	1.000000001	1e-09	1e-09	1e-09	1e-09
1	31	795	143	17.9874213836478	2	2	795	810	180	22.2222222222222	2	2	810	990	0	0	2	2	990	989	0	0	2	2	989	1	5	1e-09	1e-09	1e-09	1e-09	1.000000001	1e-09	1e-09	1e-09	1e-09
1	32	870	155	17.816091954023	2	2	870	795	212	26.6666666666667	2	2	795	1034	0	0	2	2	1034	994	0	0	2	2	994	1	5	1e-09	1e-09	1e-09	1e-09	1.000000001	1e-09	1e-09	1e-09	1e-09
1	33	827	138	16.6868198307134	2	2	827	823	218	26.4884568651276	2	2	823	966	0	0	2	2	966	1014	0	0	2	2	1014	1	5	1e-09	1e-09	1e-09	1e-09	1.000000001	1e-09	1e-09	1e-09	1e-09
1	34	883	143	16.1947904869762	2	2	883	821	181	22.0462850182704	2	2	821	1022	0	0	2	2	1022	1055	0	0	2	2	1055	1	5	1e-09	1e-09	1e-09	1e-09	1.000000001	1e-09	1e-09	1e-09	1e-09
1	35	836	139	16.6267942583732	2	2	836	787	203	25.7941550190597	2	2	787	1007	0	0	2	2	1007	1078	0	0	2	2	1078	1	5	1e-09	1e-09	1e-09	1e-09	1.000000001	1e-09	1e-09	1e-09	1e-09
1	36	763	138	18.086500655308	2	2	763	800	189	23.625	2	2	800	950	0	0	2	2	950	1015	0	0	2	2	1015	1	5	1e-09	1e-09	1e-09	1e-09	1.000000001	1e-09	1e-09	1e-09	1e-09
1	37	853	144	16.8815943728019	2	2	853	777	190	24.4530244530245	2	2	777	1007	0	0	2	2	1007	1015	0	0	2	2	1015	1	5	1e-09	1e-09	1e-09	1e-09	1.000000001	1e-09	1e-09	1e-09	1e-09
1	38	855	137	16.0233918128655	2	2	855	760	170	22.3684210526316	2	2	760	930	0	0	2	2	930	1031	0	0	2	2	1031	1	5	1e-09	1e-09	1e-09	1e-09	1.000000001	1e-09	1e-09	1e-09	1e-09
1	39	847	158	18.6540731995277	2	2	847	808	196	24.2574257425743	2	2	808	1015	0	0	2	2	1015	1011	0	0	2	2	1011	1	5	1e-09	1e-09	1e-09	1e-09	1.000000001	1e-09	1e-09	1e-09	1e-09
1	40	837	130	15.531660692951	2	2	837	787	197	25.0317662007624	2	2	787	1015	0	0	2	2	1015	972	0	0	2	2	972	1	5	1e-09	1e-09	1e-09	1e-09	1.000000001	1e-09	1e-09	1e-09	1e-09
1	41	890	130	14.6067415730337	2	2	890	795	198	24.9056603773585	2	2	795	954	0	0	2	2	954	995	0	0	2	2	995	1	5	1e-09	1e-09	1e-09	1e-09	1.000000001	1e-09	1e-09	1e-09	1e-09
1	42	865	133	15.3757225433526	2	2	865	824	184	22.3300970873786	2	2	824	1060	0	0	2	2	1060	990	0	0	2	2	990	1	5	1e-09	1e-09	1e-09	1e-09	1.000000001	1e-09	1e-09	1e-09	1e-09
1	43	888	124	13.963963963964	2	2	888	831	162	19.4945848375451	2	2	831	1028	0	0	2	2	1028	1040	0	0	2	2	1040	1	5	1e-09	1e-09	1e-09	1e-09	1.000000001	1e-09	1e-09	1e-09	1e-09
1	44	797	115	14.4291091593476	2	2	797	853	197	23.094958968347	2	2	853	1020	0	0	2	2	1020	965	0	0	2	2	965	1	5	1e-09	1e-09	1e-09	1e-09	1.000000001	1e-09	1e-09	1e-09	1e-09
1	45	849	136	16.0188457008245	2	2	849	818	170	20.7823960880196	2	2	818	1014	0	0	2	2	1014	958	0	0	2	2	958	1	5	1e-09	1e-09	1e-09	1e-09	1.000000001	1e-09	1e-09	1e-09	1e-09
1	46	879	137	15.5858930602958	2	2	879	804	188	23.3830845771144	2	2	804	985	0	0	2	2	985	976	0	0	2	2	976	1	5	1e-09	1e-09	1e-09	1e-09	1.000000001	1e-09	1e-09	1e-09	1e-09
1	47	818	147	17.9706601466993	2	2	818	827	172	20.7980652962515	2	2	827	997	0	0	2	2	997	1011	0	0	2	2	1011	1	5	1e-09	1e-09	1e-09	1e-09	1.000000001	1e-09	1e-09	1e-09	1e-09
1	48	893	140	15.6774916013438	2	2	893	850	213	25.0588235294118	2	2	850	1029	0	0	2	2	1029	1007	0	0	2	2	1007	1	5	1e-09	1e-09	1e-09	1e-09	1.000000001	1e-09	1e-09	1e-09	1e-09
1	49	987	33	3.3434650455927	2	2	987	857	183	21.3535589264877	2	2	857	996	8	0.803212851405622	2	2	996	994	0	0	2	2	994	1	6	1e-09	1e-09	1e-09	1e-09	1e-09	1.000000001	1e-09	1e-09	1e-09
1	50	939	20	2.12992545260916	2	2	939	835	141	16.8862275449102	2	2	835	1017	9	0.884955752212389	2	2	1017	1031	0	0	2	2	1031	1	6	1e-09	1e-09	1e-09	1e-09	1e-09	1.000000001	1e-09	1e-09	1e-09
1	51	924	22	2.38095238095238	2	2	924	835	157	18.8023952095808	2	2	835	964	4	0.4149377593361	2	2	964	1047	0	0	2	2	1047	1	6	1e-09	1e-09	1e-09	1e-09	1e-09	1.000000001	1e-09	1e-09	1e-09
1	52	896	19	2.12053571428571	2	2	896	852	144	16.9014084507042	2	2	852	996	7	0.70281124497992	2	2	996	1029	0	0	2	2	1029	1	6	1e-09	1e-09	1e-09	1e-09	1e-09	1.000000001	1e-09	1e-09	1e-09
1	53	1054	28	2.65654648956357	2	2	1054	835	155	18.562874251497	2	2	835	1024	6	0.5859375	2	2	1024	999	0	0	2	2	999	1	6	1e-09	1e-09	1e-09	1e-09	1e-09	1.000000001	1e-09	1e-09	1e-09
1	54	932	36	3.86266094420601	2	2	932	886	139	15.6884875846501	2	2	886	999	2	0.2002002002002	2	2	999	1040	0	0	2	2	1040	1	6	1e-09	1e-09	1e-09	1e-09	1e-09	1.000000001	1e-09	1e-09	1e-09
1	55	733	269	36.6984993178718	2	2	733	967	0	0	2	2	967	748	308	41.1764705882353	2	2	748	793	185	23.3291298865069	2	2	793	1	2	1e-09	1.000000001	1e-09	1e-09	1e-09	1e-09	1e-09	1e-09	1e-09
1	56	735	265	36.0544217687075	2	2	735	965	0	0	2	2	965	707	311	43.988684582744	2	2	707	822	183	22.2627737226277	2	2	822	1	2	1e-09	1.000000001	1e-09	1e-09	1e-09	1e-09	1e-09	1e-09	1e-09
1	57	518	461	88.996138996139	2	2	518	545	420	77.0642201834862	2	2	545	540	448	82.962962962963	2	2	540	795	203	25.5345911949686	2	2	795	1	1	1.000000001	1e-09	1e-09	1e-09	1e-09	1e-09	1e-09	1e-09	1e-09
1	58	521	477	91.5547024952015	2	2	521	630	411	65.2380952380952	2	2	630	532	489	91.9172932330827	2	2	532	844	177	20.9715639810427	2	2	844	1	1	1.000000001	1e-09	1e-09	1e-09	1e-09	1e-09	1e-09	1e-09	1e-09
1	59	547	469	85.7404021937843	2	2	547	610	398	65.2459016393443	2	2	610	520	470	90.3846153846154	2	2	520	806	180	22.3325062034739	2	2	806	1	1	1.000000001	1e-09	1e-09	1e-09	1e-09	1e-09	1e-09	1e-09	1e-09
1	60	522	508	97.3180076628352	2	2	522	629	378	60.0953895071542	2	2	629	580	479	82.5862068965517	2	2	580	858	197	22.960372960373	2	2	858	1	1	1.000000001	1e-09	1e-09	1e-09	1e-09	1e-09	1e-09	1e-09	1e-09
1	61	512	457	89.2578125	2	2	512	568	415	73.0633802816901	2	2	568	534	466	87.2659176029963	2	2	534	771	191	24.7730220492866	2	2	771	1	1	1.000000001	1e-09	1e-09	1e-09	1e-09	1e-09	1e-09	1e-09	1e-09
1	62	488	467	95.6967213114754	2	2	488	591	410	69.3739424703892	2	2	591	561	450	80.2139037433155	2	2	561	796	196	24.6231155778894	2	2	796	1	1	1.000000001	1e-09	1e-09	1e-09	1e-09	1e-09	1e-09	1e-09	1e-09
1	63	550	488	88.7272727272727	2	2	550	634	378	59.6214511041009	2	2	634	521	445	85.4126679462572	2	2	521	851	165	19.3889541715629	2	2	851	1	1	1.000000001	1e-09	1e-09	1e-09	1e-09	1e-09	1e-09	1e-09	1e-09
1	64	506	486	96.0474308300395	2	2	506	595	388	65.2100840336134	2	2	595	519	482	92.8709055876686	2	2	519	816	210	25.7352941176471	2	2	816	1	1	1.000000001	1e-09	1e-09	1e-09	1e-09	1e-09	1e-09	1e-09	1e-09
1	65	539	415	76.9944341372913	2	2	539	570	372	65.2631578947368	2	2	570	490	471	96.1224489795918	2	2	490	818	177	21.638141809291	2	2	818	1	1	1.000000001	1e-09	1e-09	1e-09	1e-09	1e-09	1e-09	1e-09	1e-09
1	66	530	496	93.5849056603774	2	2	530	625	378	60.48	2	2	625	551	453	82.2141560798548	2	2	551	860	188	21.8604651162791	2	2	860	1	1	1.000000001	1e-09	1e-09	1e-09	1e-09	1e-09	1e-09	1e-09	1e-09
1	67	534	470	88.0149812734082	2	2	534	634	395	62.3028391167192	2	2	634	531	439	82.6741996233522	2	2	531	821	195	23.7515225334957	2	2	821	1	1	1.000000001	1e-09	1e-09	1e-09	1e-09	1e-09	1e-09	1e-09	1e-09
1	68	499	477	95.5911823647294	2	2	499	587	400	68.1431005110733	2	2	587	539	472	87.569573283859	2	2	539	853	172	20.1641266119578	2	2	853	1	1	1.000000001	1e-09	1e-09	1e-09	1e-09	1e-09	1e-09	1e-09	1e-09
1	69	492	479	97.3577235772358	2	2	492	602	366	60.797342192691	2	2	602	540	471	87.2222222222222	2	2	540	826	184	22.2760290556901	2	2	826	1	1	1.000000001	1e-09	1e-09	1e-09	1e-09	1e-09	1e-09	1e-09	1e-09
1	70	493	480	97.3630831643002	2	2	493	597	386	64.6566164154104	2	2	597	581	460	79.1738382099828	2	2	581	836	197	23.5645933014354	2	2	836	1	1	1.000000001	1e-09	1e-09	1e-09	1e-09	1e-09	1e-09	1e-09	1e-09
1	71	520	461	88.6538461538461	2	2	520	573	393	68.586387434555	2	2	573	524	450	85.8778625954199	2	2	524	839	177	21.0965435041716	2	2	839	1	1	1.000000001	1e-09	1e-09	1e-09	1e-09	1e-09	1e-09	1e-09	1e-09
1	72	501	478	95.4091816367265	2	2	501	614	355	57.8175895765472	2	2	614	548	431	78.6496350364963	2	2	548	812	199	24.5073891625616	2	2	812	1	1	1.000000001	1e-09	1e-09	1e-09	1e-09	1e-09	1e-09	1e-09	1e-09
1	73	506	465	91.897233201581	2	2	506	602	379	62.9568106312292	2	2	602	517	431	83.3655705996132	2	2	517	844	176	20.8530805687204	2	2	844	1	1	1.000000001	1e-09	1e-09	1e-09	1e-09	1e-09	1e-09	1e-09	1e-09
1	74	522	463	88.6973180076628	2	2	522	596	419	70.3020134228188	2	2	596	540	486	90	2	2	540	790	172	21.7721518987342	2	2	790	1	1	1.000000001	1e-09	1e-09	1e-09	1e-09	1e-09	1e-09	1e-09	1e-09
1	75	535	505	94.392523364486	2	2	535	658	419	63.677811550152	2	2	658	515	459	89.126213592233	2	2	515	873	194	22.2222222222222	2	2	873	1	1	1.000000001	1e-09	1e-09	1e-09	1e-09	1e-09	1e-09	1e-09	1e-09
1	76	531	490	92.2787193973635	2	2	531	629	371	58.9825119236884	2	2	629	530	488	92.0754716981132	2	2	530	826	190	23.0024213075061	2	2	826	1	1	1.000000001	1e-09	1e-09	1e-09	1e-09	1e-09	1e-09	1e-09	1e-09
1	77	544	497	91.3602941176471	2	2	544	632	397	62.8164556962025	2	2	632	576	483	83.8541666666667	2	2	576	830	192	23.1325301204819	2	2	830	1	1	1.000000001	1e-09	1e-09	1e-09	1e-09	1e-09	1e-09	1e-09	1e-09
1	78	541	480	88.724584103512	2	2	541	621	390	62.8019323671498	2	2	621	532	502	94.3609022556391	2	2	532	786	173	22.0101781170483	2	2	786	1	1	1.000000001	1e-09	1e-09	1e-09	1e-09	1e-09	1e-09	1e-09	1e-09
1	79	472	469	99.364406779661	2	2	472	639	421	65.8841940532081	2	2	639	525	442	84.1904761904762	2	2	525	845	203	24.0236686390533	2	2	845	1	1	1.000000001	1e-09	1e-09	1e-09	1e-09	1e-09	1e-09	1e-09	1e-09
1	80	552	494	89.4927536231884	2	2	552	616	392	63.6363636363636	2	2	616	589	478	81.1544991511036	2	2	589	827	181	21.8863361547763	2	2	827	1	1	1.000000001	1e-09	1e-09	1e-09	1e-09	1e-09	1e-09	1e-09	1e-09
1	81	499	515	103.206412825651	2	2	499	576	419	72.7430555555556	2	2	576	549	456	83.0601092896175	2	2	549	777	189	24.3243243243243	2	2	777	1	1	1.000000001	1e-09	1e-09	1e-09	1e-09	1e-09	1e-09	1e-09	1e-09
1	82	530	495	93.3962264150943	2	2	530	578	395	68.3391003460208	2	2	578	538	465	86.4312267657993	2	2	538	793	163	20.5548549810845	2	2	793	1	1	1.000000001	1e-09	1e-09	1e-09	1e-09	1e-09	1e-09	1e-09	1e-09
1	83	580	484	83.448275862069	2	2	580	624	416	66.6666666666667	2	2	624	581	446	76.7641996557659	2	2	581	838	185	22.0763723150358	2	2	838	1	1	1.000000001	1e-09	1e-09	1e-09	1e-09	1e-09	1e-09	1e-09	1e-09
1	84	524	471	89.8854961832061	2	2	524	632	366	57.9113924050633	2	2	632	510	438	85.8823529411765	2	2	510	858	184	21.4452214452214	2	2	858	1	1	1.000000001	1e-09	1e-09	1e-09	1e-09	1e-09	1e-09	1e-09	1e-09
1	85	554	479	86.4620938628159	2	2	554	627	393	62.6794258373206	2	2	627	510	469	91.9607843137255	2	2	510	796	168	21.105527638191	2	2	796	1	1	1.000000001	1e-09	1e-09	1e-09	1e-09	1e-09	1e-09	1e-09	1e-09
1	86	520	507	97.5	2	2	520	636	400	62.8930817610063	2	2	636	537	516	96.0893854748603	2	2	537	864	190	21.9907407407407	2	2	864	1	1	1.000000001	1e-09	1e-09	1e-09	1e-09	1e-09	1e-09	1e-09	1e-09
1	87	528	472	89.3939393939394	2	2	528	633	389	61.4533965244866	2	2	633	556	463	83.273381294964	2	2	556	830	195	23.4939759036145	2	2	830	1	1	1.000000001	1e-09	1e-09	1e-09	1e-09	1e-09	1e-09	1e-09	1e-09
1	88	731	259	35.4309165526676	2	2	731	1044	0	0	2	2	1044	734	279	38.0108991825613	2	2	734	1015	0	0	2	2	1015	1	3	1e-09	1e-09	1.000000001	1e-09	1e-09	1e-09	1e-09	1e-09	1e-09
1	89	716	264	36.8715083798883	2	2	716	1024	0	0	2	2	1024	723	281	38.865836791148	2	2	723	979	0	0	2	2	979	1	3	1e-09	1e-09	1.000000001	1e-09	1e-09	1e-09	1e-09	1e-09	1e-09
1	90	746	268	35.9249329758713	2	2	746	980	0	0	2	2	980	770	249	32.3376623376623	2	2	770	973	0	0	2	2	973	1	3	1e-09	1e-09	1.000000001	1e-09	1e-09	1e-09	1e-09	1e-09	1e-09
1	91	965	26	2.69430051813472	2	2	965	1008	9	0.892857142857143	2	2	1008	956	65	6.79916317991632	2	2	956	1017	0	0	2	2	1017	1	9	1e-09	1e-09	1e-09	1e-09	1e-09	1e-09	1e-09	1e-09	1.000000001
1	92	1035	21	2.02898550724638	2	2	1035	997	10	1.00300902708124	2	2	997	908	80	8.81057268722467	2	2	908	992	0	0	2	2	992	1	9	1e-09	1e-09	1e-09	1e-09	1e-09	1e-09	1e-09	1e-09	1.000000001
1	93	932	39	4.18454935622318	2	2	932	969	13	1.34158926728586	2	2	969	936	68	7.26495726495727	2	2	936	1003	0	0	2	2	1003	1	9	1e-09	1e-09	1e-09	1e-09	1e-09	1e-09	1e-09	1e-09	1.000000001
1	94	1008	34	3.37301587301587	2	2	1008	951	6	0.630914826498423	2	2	951	899	81	9.01001112347052	2	2	899	957	0	0	2	2	957	1	9	1e-09	1e-09	1e-09	1e-09	1e-09	1e-09	1e-09	1e-09	1.000000001
1	95	928	36	3.87931034482759	2	2	928	978	10	1.02249488752556	2	2	978	993	64	6.44511581067472	2	2	993	1054	0	0	2	2	1054	1	9	1e-09	1e-09	1e-09	1e-09	1e-09	1e-09	1e-09	1e-09	1.000000001
1	96	979	0	0	2	2	979	923	43	4.65872156013001	2	2	923	936	96	10.2564102564103	2	2	936	1033	0	0	2	2	1033	1	8	1e-09	1e-09	1e-09	1e-09	1e-09	1e-09	1e-09	1.000000001	1e-09
1	97	1070	0	0	2	2	1070	997	42	4.21263791374122	2	2	997	861	103	11.9628339140534	2	2	861	1018	0	0	2	2	1018	1	8	1e-09	1e-09	1e-09	1e-09	1e-09	1e-09	1e-09	1.000000001	1e-09
1	98	984	0	0	2	2	984	1026	42	4.09356725146199	2	2	1026	926	92	9.93520518358531	2	2	926	957	0	0	2	2	957	1	8	1e-09	1e-09	1e-09	1e-09	1e-09	1e-09	1e-09	1.000000001	1e-09
1	99	972	0	0	2	2	972	932	29	3.11158798283262	2	2	932	851	101	11.8683901292597	2	2	851	1009	0	0	2	2	1009	1	8	1e-09	1e-09	1e-09	1e-09	1e-09	1e-09	1e-09	1.000000001	1.0000000000001e-09
